Color: [0.529, 0.757, 0.418, 1.000] - RGB: 134, 193, 106
Color: [0.975, 0.756, 0.644, 1.000] - RGB: 248, 192, 164
Color: [0.160, 0.160, 0.161, 1.000] - RGB: 40, 40, 40
Color: [0.986, 0.984, 0.985, 1.000] - RGB: 251, 250, 251
Color: [0.964, 0.962, 0.963, 1.000] - RGB: 245, 245, 245
Color: [0.336, 0.406, 0.440, 1.000] - RGB: 85, 103, 112
Color: [0.887, 0.886, 0.886, 1.000] - RGB: 226, 226, 225
Color: [0.927, 0.926, 0.927, 1.000] - RGB: 236, 236, 236
Color: [0.931, 0.633, 0.476, 1.000] - RGB: 237, 161, 121
Color: [0.237, 0.274, 0.293, 1.000] - RGB: 60, 69, 74
Color: [0.525, 0.757, 0.416, 1.000] - RGB: 134, 193, 106
Color: [1.000, 1.000, 1.000, 1.000] - RGB: 255, 254, 255
